1 35 35 0 0 0 
2 35 35 0 0 0 
3 35 35 0 0 0 
4 35 35 0 0 0 
5 35 35 0 0 0 
6 35 35 0 0 0 
7 35 35 0 0 0 
8 35 35 0 0 0 
9 35 35 0 0 0 
10 35 35 0 0 0 
11 35 35 0 0 0 
12 35 35 0 0 0 
13 35 35 0 0 0 
14 35 35 0 0 0 
15 35 35 0 0 0 
16 35 35 0 0 0 
17 35 35 0 0 0 
18 35 35 0 0 0 
19 35 35 0 0 0 
20 35 35 0 0 0 
21 35 35 0 0 0 
22 35 35 0 0 0 
23 35 35 0 0 0 
24 35 35 0 0 0 
25 35 35 0 0 0 
26 35 35 0 0 0 
27 35 35 0 0 0 
28 35 35 0 0 0 
29 35 33 2 1 2 
30 35 31 4 2 2 
31 35 29 6 3 2 
32 35 29 6 3 2 
33 35 25 10 5 2 
34 35 25 10 5 2 
35 35 25 10 5 2 
36 35 25 10 5 2 
37 35 25 10 5 2 
38 35 25 10 5 2 
39 35 25 10 5 2 
40 35 25 10 5 2 
41 35 25 10 5 2 
42 35 25 10 5 2 
43 35 25 10 5 2 
44 35 25 10 5 2 
45 35 25 10 5 2 
46 35 25 10 5 2 
47 35 25 10 5 2 
48 35 25 10 5 2 
49 35 25 10 5 2 
50 35 23 12 6 2 
51 35 25 10 5 2 
52 35 25 10 5 2 
53 35 25 10 5 2 
54 35 25 10 5 2 
55 35 25 10 5 2 
56 35 25 10 5 2 
57 35 25 10 5 2 
58 35 25 10 5 2 
59 35 25 10 5 2 
60 35 25 10 5 2 
61 35 25 10 5 2 
62 35 25 10 5 2 
63 35 25 10 5 2 
64 35 25 10 5 2 
65 35 25 10 5 2 
66 35 25 10 5 2 
67 35 25 10 5 2 
68 35 23 12 6 2 
69 35 23 12 6 2 
70 35 23 12 6 2 
71 35 23 12 6 2 
72 35 23 12 6 2 
73 35 23 12 6 2 
74 35 23 12 6 2 
75 35 23 12 6 2 
76 34 22 12 6 2 
77 34 22 12 6 2 
78 34 22 12 6 2 
79 34 24 10 5 2 
80 34 24 10 5 2 
81 34 24 10 5 2 
82 34 24 10 5 2 
83 34 24 10 5 2 
84 34 24 10 5 2 
85 34 24 10 5 2 
86 34 24 10 5 2 
87 34 24 10 5 2 
88 34 24 10 5 2 
89 34 24 10 5 2 
90 34 21 13 6 2.1667 
91 34 21 13 6 2.1667 
92 34 21 13 6 2.1667 
93 34 21 13 6 2.1667 
94 33 20 13 6 2.1667 
95 33 20 13 6 2.1667 
96 32 19 13 6 2.1667 
97 32 19 13 6 2.1667 
98 32 19 13 6 2.1667 
